{
 "cells": [
  {
   "cell_type": "code",
   "execution_count": 1,
   "id": "ca68c501-85a8-4fb7-89cc-017dc5c11f2c",
   "metadata": {},
   "outputs": [
    {
     "name": "stdout",
     "output_type": "stream",
     "text": [
      "Single Linkage:\n",
      "Iteration 1 - Distance Matrix (single linkage):\n",
      "[[ 0.    1.41  2.   13.6   5.    8.   10.   14.42  8.    9.   10.   14.21\n",
      "   8.25  9.22 10.2  15.   10.44  7.07  7.81 16.4   8.6   7.81  8.49  9.22\n",
      "  12.65 13.6  13.   11.4  12.21]\n",
      " [ 1.41  0.    1.41 12.21  4.12  7.07  9.06 13.04  7.07  8.06  9.06 12.81\n",
      "   7.07  8.06  9.06 13.6   9.22  5.66  6.4  15.    7.21  6.4   7.07  7.81\n",
      "  11.4  12.37 11.7  10.   10.82]\n",
      " [ 2.    1.41  0.   12.04  3.    6.    8.   12.81  8.25  9.22 10.2  12.73\n",
      "   8.    9.   10.   13.45 10.05  5.83  6.71 14.87  7.62  6.4   7.21  7.81\n",
      "  10.77 11.7  11.18  9.9  10.63]\n",
      " [13.6  12.21 12.04  0.   10.    8.54  8.06  1.   11.   11.05 11.18  1.\n",
      "   9.    9.06  9.22  1.41  8.25  6.71  6.32  2.83  6.08  5.83  5.39  4.47\n",
      "   4.12  4.47  3.16  2.24  1.41]\n",
      " [ 5.    4.12  3.   10.    0.    3.    5.   10.63  9.43 10.3  11.18 10.82\n",
      "   8.54  9.49 10.44 11.4  10.2   5.    6.   12.81  7.    5.1   6.08  6.32\n",
      "   8.06  8.94  8.6   8.06  8.6 ]\n",
      " [ 8.    7.07  6.    8.54  3.    0.    2.    8.94 11.31 12.04 12.81  9.49\n",
      "  10.   10.82 11.66  9.85 11.18  5.83  6.71 11.18  7.62  5.39  6.32  6.08\n",
      "   5.66  6.4   6.4   7.07  7.28]\n",
      " [10.    9.06  8.    8.06  5.    2.    0.    8.25 12.81 13.45 14.14  9.06\n",
      "  11.31 12.04 12.81  9.22 12.21  7.07  7.81 10.44  8.6   6.4   7.21  6.71\n",
      "   4.47  5.    5.39  7.07  7.  ]\n",
      " [14.42 13.04 12.81  1.   10.63  8.94  8.25  0.   12.   12.04 12.17  1.41\n",
      "  10.   10.05 10.2   1.    9.22  7.62  7.28  2.24  7.07  6.71  6.32  5.39\n",
      "   4.    4.12  3.    3.16  2.24]\n",
      " [ 8.    7.07  8.25 11.    9.43 11.31 12.81 12.    0.    1.    2.   11.05\n",
      "   2.    2.24  2.83 12.04  3.61  5.83  5.39 13.15  5.1   6.71  6.32  7.28\n",
      "  12.65 13.6  12.37  9.06 10.05]\n",
      " [ 9.    8.06  9.22 11.05 10.3  12.04 13.45 12.04  1.    0.    1.   11.\n",
      "   2.24  2.    2.24 12.    3.16  6.4   5.83 13.04  5.39  7.21  6.71  7.62\n",
      "  13.   13.93 12.65  9.22 10.2 ]\n",
      " [10.    9.06 10.2  11.18 11.18 12.81 14.14 12.17  2.    1.    0.   11.05\n",
      "   2.83  2.24  2.   12.04  3.    7.07  6.4  13.    5.83  7.81  7.21  8.06\n",
      "  13.42 14.32 13.    9.49 10.44]\n",
      " [14.21 12.81 12.73  1.   10.82  9.49  9.06  1.41 11.05 11.   11.05  0.\n",
      "   9.06  9.    9.06  1.    8.06  7.21  6.71  2.24  6.32  6.4   5.83  5.\n",
      "   5.1   5.39  4.12  2.83  2.24]\n",
      " [ 8.25  7.07  8.    9.    8.54 10.   11.31 10.    2.    2.24  2.83  9.06\n",
      "   0.    1.    2.   10.05  2.24  4.24  3.61 11.18  3.16  5.    4.47  5.39\n",
      "  10.77 11.7  10.44  7.07  8.06]\n",
      " [ 9.22  8.06  9.    9.06  9.49 10.82 12.04 10.05  2.24  2.    2.24  9.\n",
      "   1.    0.    1.   10.    1.41  5.    4.24 11.05  3.61  5.66  5.    5.83\n",
      "  11.18 12.08 10.77  7.28  8.25]\n",
      " [10.2   9.06 10.    9.22 10.44 11.66 12.81 10.2   2.83  2.24  2.    9.06\n",
      "   2.    1.    0.   10.05  1.    5.83  5.   11.    4.24  6.4   5.66  6.4\n",
      "  11.66 12.53 11.18  7.62  8.54]\n",
      " [15.   13.6  13.45  1.41 11.4   9.85  9.22  1.   12.04 12.   12.04  1.\n",
      "  10.05 10.   10.05  0.    9.06  8.06  7.62  1.41  7.28  7.21  6.71  5.83\n",
      "   5.    5.1   4.    3.61  2.83]\n",
      " [10.44  9.22 10.05  8.25 10.2  11.18 12.21  9.22  3.61  3.16  3.    8.06\n",
      "   2.24  1.41  1.    9.06  0.    5.39  4.47 10.    3.61  5.83  5.    5.66\n",
      "  10.82 11.66 10.3   6.71  7.62]\n",
      " [ 7.07  5.66  5.83  6.71  5.    5.83  7.07  7.62  5.83  6.4   7.07  7.21\n",
      "   4.24  5.    5.83  8.06  5.39  0.    1.    9.43  2.    1.    1.41  2.24\n",
      "   7.07  8.06  7.    4.47  5.39]\n",
      " [ 7.81  6.4   6.71  6.32  6.    6.71  7.81  7.28  5.39  5.83  6.4   6.71\n",
      "   3.61  4.24  5.    7.62  4.47  1.    0.    8.94  1.    1.41  1.    2.\n",
      "   7.28  8.25  7.07  4.12  5.1 ]\n",
      " [16.4  15.   14.87  2.83 12.81 11.18 10.44  2.24 13.15 13.04 13.    2.24\n",
      "  11.18 11.05 11.    1.41 10.    9.43  8.94  0.    8.54  8.6   8.06  7.21\n",
      "   6.08  6.    5.1   5.    4.24]\n",
      " [ 8.6   7.21  7.62  6.08  7.    7.62  8.6   7.07  5.1   5.39  5.83  6.32\n",
      "   3.16  3.61  4.24  7.28  3.61  2.    1.    8.54  0.    2.24  1.41  2.24\n",
      "   7.62  8.54  7.28  4.    5.  ]\n",
      " [ 7.81  6.4   6.4   5.83  5.1   5.39  6.4   6.71  6.71  7.21  7.81  6.4\n",
      "   5.    5.66  6.4   7.21  5.83  1.    1.41  8.6   2.24  0.    1.    1.41\n",
      "   6.08  7.07  6.    3.61  4.47]\n",
      " [ 8.49  7.07  7.21  5.39  6.08  6.32  7.21  6.32  6.32  6.71  7.21  5.83\n",
      "   4.47  5.    5.66  6.71  5.    1.41  1.    8.06  1.41  1.    0.    1.\n",
      "   6.32  7.28  6.08  3.16  4.12]\n",
      " [ 9.22  7.81  7.81  4.47  6.32  6.08  6.71  5.39  7.28  7.62  8.06  5.\n",
      "   5.39  5.83  6.4   5.83  5.66  2.24  2.    7.21  2.24  1.41  1.    0.\n",
      "   5.39  6.32  5.1   2.24  3.16]\n",
      " [12.65 11.4  10.77  4.12  8.06  5.66  4.47  4.   12.65 13.   13.42  5.1\n",
      "  10.77 11.18 11.66  5.   10.82  7.07  7.28  6.08  7.62  6.08  6.32  5.39\n",
      "   0.    1.    1.    4.24  3.61]\n",
      " [13.6  12.37 11.7   4.47  8.94  6.4   5.    4.12 13.6  13.93 14.32  5.39\n",
      "  11.7  12.08 12.53  5.1  11.66  8.06  8.25  6.    8.54  7.07  7.28  6.32\n",
      "   1.    0.    1.41  5.    4.24]\n",
      " [13.   11.7  11.18  3.16  8.6   6.4   5.39  3.   12.37 12.65 13.    4.12\n",
      "  10.44 10.77 11.18  4.   10.3   7.    7.07  5.1   7.28  6.    6.08  5.1\n",
      "   1.    1.41  0.    3.61  2.83]\n",
      " [11.4  10.    9.9   2.24  8.06  7.07  7.07  3.16  9.06  9.22  9.49  2.83\n",
      "   7.07  7.28  7.62  3.61  6.71  4.47  4.12  5.    4.    3.61  3.16  2.24\n",
      "   4.24  5.    3.61  0.    1.  ]\n",
      " [12.21 10.82 10.63  1.41  8.6   7.28  7.    2.24 10.05 10.2  10.44  2.24\n",
      "   8.06  8.25  8.54  2.83  7.62  5.39  5.1   4.24  5.    4.47  4.12  3.16\n",
      "   3.61  4.24  2.83  1.    0.  ]]\n",
      "Iteration 2 - Distance Matrix (single linkage):\n",
      "[[ 0.    1.41  2.   13.6   5.    8.   10.    8.    9.   10.   14.21  8.25\n",
      "   9.22 10.2  15.   10.44  7.07  7.81 16.4   8.6   7.81  8.49  9.22 12.65\n",
      "  13.6  13.   11.4  12.21]\n",
      " [ 1.41  0.    1.41 12.21  4.12  7.07  9.06  7.07  8.06  9.06 12.81  7.07\n",
      "   8.06  9.06 13.6   9.22  5.66  6.4  15.    7.21  6.4   7.07  7.81 11.4\n",
      "  12.37 11.7  10.   10.82]\n",
      " [ 2.    1.41  0.   12.04  3.    6.    8.    8.25  9.22 10.2  12.73  8.\n",
      "   9.   10.   13.45 10.05  5.83  6.71 14.87  7.62  6.4   7.21  7.81 10.77\n",
      "  11.7  11.18  9.9  10.63]\n",
      " [13.6  12.21 12.04  0.   10.    8.54  8.06 11.   11.05 11.18  1.    9.\n",
      "   9.06  9.22  1.    8.25  6.71  6.32  2.24  6.08  5.83  5.39  4.47  4.\n",
      "   4.12  3.    2.24  1.41]\n",
      " [ 5.    4.12  3.   10.    0.    3.    5.    9.43 10.3  11.18 10.82  8.54\n",
      "   9.49 10.44 11.4  10.2   5.    6.   12.81  7.    5.1   6.08  6.32  8.06\n",
      "   8.94  8.6   8.06  8.6 ]\n",
      " [ 8.    7.07  6.    8.54  3.    0.    2.   11.31 12.04 12.81  9.49 10.\n",
      "  10.82 11.66  9.85 11.18  5.83  6.71 11.18  7.62  5.39  6.32  6.08  5.66\n",
      "   6.4   6.4   7.07  7.28]\n",
      " [10.    9.06  8.    8.06  5.    2.    0.   12.81 13.45 14.14  9.06 11.31\n",
      "  12.04 12.81  9.22 12.21  7.07  7.81 10.44  8.6   6.4   7.21  6.71  4.47\n",
      "   5.    5.39  7.07  7.  ]\n",
      " [ 8.    7.07  8.25 11.    9.43 11.31 12.81  0.    1.    2.   11.05  2.\n",
      "   2.24  2.83 12.04  3.61  5.83  5.39 13.15  5.1   6.71  6.32  7.28 12.65\n",
      "  13.6  12.37  9.06 10.05]\n",
      " [ 9.    8.06  9.22 11.05 10.3  12.04 13.45  1.    0.    1.   11.    2.24\n",
      "   2.    2.24 12.    3.16  6.4   5.83 13.04  5.39  7.21  6.71  7.62 13.\n",
      "  13.93 12.65  9.22 10.2 ]\n",
      " [10.    9.06 10.2  11.18 11.18 12.81 14.14  2.    1.    0.   11.05  2.83\n",
      "   2.24  2.   12.04  3.    7.07  6.4  13.    5.83  7.81  7.21  8.06 13.42\n",
      "  14.32 13.    9.49 10.44]\n",
      " [14.21 12.81 12.73  1.   10.82  9.49  9.06 11.05 11.   11.05  0.    9.06\n",
      "   9.    9.06  1.    8.06  7.21  6.71  2.24  6.32  6.4   5.83  5.    5.1\n",
      "   5.39  4.12  2.83  2.24]\n",
      " [ 8.25  7.07  8.    9.    8.54 10.   11.31  2.    2.24  2.83  9.06  0.\n",
      "   1.    2.   10.05  2.24  4.24  3.61 11.18  3.16  5.    4.47  5.39 10.77\n",
      "  11.7  10.44  7.07  8.06]\n",
      " [ 9.22  8.06  9.    9.06  9.49 10.82 12.04  2.24  2.    2.24  9.    1.\n",
      "   0.    1.   10.    1.41  5.    4.24 11.05  3.61  5.66  5.    5.83 11.18\n",
      "  12.08 10.77  7.28  8.25]\n",
      " [10.2   9.06 10.    9.22 10.44 11.66 12.81  2.83  2.24  2.    9.06  2.\n",
      "   1.    0.   10.05  1.    5.83  5.   11.    4.24  6.4   5.66  6.4  11.66\n",
      "  12.53 11.18  7.62  8.54]\n",
      " [15.   13.6  13.45  1.   11.4   9.85  9.22 12.04 12.   12.04  1.   10.05\n",
      "  10.   10.05  0.    9.06  8.06  7.62  1.41  7.28  7.21  6.71  5.83  5.\n",
      "   5.1   4.    3.61  2.83]\n",
      " [10.44  9.22 10.05  8.25 10.2  11.18 12.21  3.61  3.16  3.    8.06  2.24\n",
      "   1.41  1.    9.06  0.    5.39  4.47 10.    3.61  5.83  5.    5.66 10.82\n",
      "  11.66 10.3   6.71  7.62]\n",
      " [ 7.07  5.66  5.83  6.71  5.    5.83  7.07  5.83  6.4   7.07  7.21  4.24\n",
      "   5.    5.83  8.06  5.39  0.    1.    9.43  2.    1.    1.41  2.24  7.07\n",
      "   8.06  7.    4.47  5.39]\n",
      " [ 7.81  6.4   6.71  6.32  6.    6.71  7.81  5.39  5.83  6.4   6.71  3.61\n",
      "   4.24  5.    7.62  4.47  1.    0.    8.94  1.    1.41  1.    2.    7.28\n",
      "   8.25  7.07  4.12  5.1 ]\n",
      " [16.4  15.   14.87  2.24 12.81 11.18 10.44 13.15 13.04 13.    2.24 11.18\n",
      "  11.05 11.    1.41 10.    9.43  8.94  0.    8.54  8.6   8.06  7.21  6.08\n",
      "   6.    5.1   5.    4.24]\n",
      " [ 8.6   7.21  7.62  6.08  7.    7.62  8.6   5.1   5.39  5.83  6.32  3.16\n",
      "   3.61  4.24  7.28  3.61  2.    1.    8.54  0.    2.24  1.41  2.24  7.62\n",
      "   8.54  7.28  4.    5.  ]\n",
      " [ 7.81  6.4   6.4   5.83  5.1   5.39  6.4   6.71  7.21  7.81  6.4   5.\n",
      "   5.66  6.4   7.21  5.83  1.    1.41  8.6   2.24  0.    1.    1.41  6.08\n",
      "   7.07  6.    3.61  4.47]\n",
      " [ 8.49  7.07  7.21  5.39  6.08  6.32  7.21  6.32  6.71  7.21  5.83  4.47\n",
      "   5.    5.66  6.71  5.    1.41  1.    8.06  1.41  1.    0.    1.    6.32\n",
      "   7.28  6.08  3.16  4.12]\n",
      " [ 9.22  7.81  7.81  4.47  6.32  6.08  6.71  7.28  7.62  8.06  5.    5.39\n",
      "   5.83  6.4   5.83  5.66  2.24  2.    7.21  2.24  1.41  1.    0.    5.39\n",
      "   6.32  5.1   2.24  3.16]\n",
      " [12.65 11.4  10.77  4.    8.06  5.66  4.47 12.65 13.   13.42  5.1  10.77\n",
      "  11.18 11.66  5.   10.82  7.07  7.28  6.08  7.62  6.08  6.32  5.39  0.\n",
      "   1.    1.    4.24  3.61]\n",
      " [13.6  12.37 11.7   4.12  8.94  6.4   5.   13.6  13.93 14.32  5.39 11.7\n",
      "  12.08 12.53  5.1  11.66  8.06  8.25  6.    8.54  7.07  7.28  6.32  1.\n",
      "   0.    1.41  5.    4.24]\n",
      " [13.   11.7  11.18  3.    8.6   6.4   5.39 12.37 12.65 13.    4.12 10.44\n",
      "  10.77 11.18  4.   10.3   7.    7.07  5.1   7.28  6.    6.08  5.1   1.\n",
      "   1.41  0.    3.61  2.83]\n",
      " [11.4  10.    9.9   2.24  8.06  7.07  7.07  9.06  9.22  9.49  2.83  7.07\n",
      "   7.28  7.62  3.61  6.71  4.47  4.12  5.    4.    3.61  3.16  2.24  4.24\n",
      "   5.    3.61  0.    1.  ]\n",
      " [12.21 10.82 10.63  1.41  8.6   7.28  7.   10.05 10.2  10.44  2.24  8.06\n",
      "   8.25  8.54  2.83  7.62  5.39  5.1   4.24  5.    4.47  4.12  3.16  3.61\n",
      "   4.24  2.83  1.    0.  ]]\n",
      "Iteration 3 - Distance Matrix (single linkage):\n",
      "[[ 0.    1.41  2.   13.6   5.    8.   10.    8.    9.   10.    8.25  9.22\n",
      "  10.2  15.   10.44  7.07  7.81 16.4   8.6   7.81  8.49  9.22 12.65 13.6\n",
      "  13.   11.4  12.21]\n",
      " [ 1.41  0.    1.41 12.21  4.12  7.07  9.06  7.07  8.06  9.06  7.07  8.06\n",
      "   9.06 13.6   9.22  5.66  6.4  15.    7.21  6.4   7.07  7.81 11.4  12.37\n",
      "  11.7  10.   10.82]\n",
      " [ 2.    1.41  0.   12.04  3.    6.    8.    8.25  9.22 10.2   8.    9.\n",
      "  10.   13.45 10.05  5.83  6.71 14.87  7.62  6.4   7.21  7.81 10.77 11.7\n",
      "  11.18  9.9  10.63]\n",
      " [13.6  12.21 12.04  0.   10.    8.54  8.06 11.   11.   11.05  9.    9.\n",
      "   9.06  1.    8.06  6.71  6.32  2.24  6.08  5.83  5.39  4.47  4.    4.12\n",
      "   3.    2.24  1.41]\n",
      " [ 5.    4.12  3.   10.    0.    3.    5.    9.43 10.3  11.18  8.54  9.49\n",
      "  10.44 11.4  10.2   5.    6.   12.81  7.    5.1   6.08  6.32  8.06  8.94\n",
      "   8.6   8.06  8.6 ]\n",
      " [ 8.    7.07  6.    8.54  3.    0.    2.   11.31 12.04 12.81 10.   10.82\n",
      "  11.66  9.85 11.18  5.83  6.71 11.18  7.62  5.39  6.32  6.08  5.66  6.4\n",
      "   6.4   7.07  7.28]\n",
      " [10.    9.06  8.    8.06  5.    2.    0.   12.81 13.45 14.14 11.31 12.04\n",
      "  12.81  9.22 12.21  7.07  7.81 10.44  8.6   6.4   7.21  6.71  4.47  5.\n",
      "   5.39  7.07  7.  ]\n",
      " [ 8.    7.07  8.25 11.    9.43 11.31 12.81  0.    1.    2.    2.    2.24\n",
      "   2.83 12.04  3.61  5.83  5.39 13.15  5.1   6.71  6.32  7.28 12.65 13.6\n",
      "  12.37  9.06 10.05]\n",
      " [ 9.    8.06  9.22 11.   10.3  12.04 13.45  1.    0.    1.    2.24  2.\n",
      "   2.24 12.    3.16  6.4   5.83 13.04  5.39  7.21  6.71  7.62 13.   13.93\n",
      "  12.65  9.22 10.2 ]\n",
      " [10.    9.06 10.2  11.05 11.18 12.81 14.14  2.    1.    0.    2.83  2.24\n",
      "   2.   12.04  3.    7.07  6.4  13.    5.83  7.81  7.21  8.06 13.42 14.32\n",
      "  13.    9.49 10.44]\n",
      " [ 8.25  7.07  8.    9.    8.54 10.   11.31  2.    2.24  2.83  0.    1.\n",
      "   2.   10.05  2.24  4.24  3.61 11.18  3.16  5.    4.47  5.39 10.77 11.7\n",
      "  10.44  7.07  8.06]\n",
      " [ 9.22  8.06  9.    9.    9.49 10.82 12.04  2.24  2.    2.24  1.    0.\n",
      "   1.   10.    1.41  5.    4.24 11.05  3.61  5.66  5.    5.83 11.18 12.08\n",
      "  10.77  7.28  8.25]\n",
      " [10.2   9.06 10.    9.06 10.44 11.66 12.81  2.83  2.24  2.    2.    1.\n",
      "   0.   10.05  1.    5.83  5.   11.    4.24  6.4   5.66  6.4  11.66 12.53\n",
      "  11.18  7.62  8.54]\n",
      " [15.   13.6  13.45  1.   11.4   9.85  9.22 12.04 12.   12.04 10.05 10.\n",
      "  10.05  0.    9.06  8.06  7.62  1.41  7.28  7.21  6.71  5.83  5.    5.1\n",
      "   4.    3.61  2.83]\n",
      " [10.44  9.22 10.05  8.06 10.2  11.18 12.21  3.61  3.16  3.    2.24  1.41\n",
      "   1.    9.06  0.    5.39  4.47 10.    3.61  5.83  5.    5.66 10.82 11.66\n",
      "  10.3   6.71  7.62]\n",
      " [ 7.07  5.66  5.83  6.71  5.    5.83  7.07  5.83  6.4   7.07  4.24  5.\n",
      "   5.83  8.06  5.39  0.    1.    9.43  2.    1.    1.41  2.24  7.07  8.06\n",
      "   7.    4.47  5.39]\n",
      " [ 7.81  6.4   6.71  6.32  6.    6.71  7.81  5.39  5.83  6.4   3.61  4.24\n",
      "   5.    7.62  4.47  1.    0.    8.94  1.    1.41  1.    2.    7.28  8.25\n",
      "   7.07  4.12  5.1 ]\n",
      " [16.4  15.   14.87  2.24 12.81 11.18 10.44 13.15 13.04 13.   11.18 11.05\n",
      "  11.    1.41 10.    9.43  8.94  0.    8.54  8.6   8.06  7.21  6.08  6.\n",
      "   5.1   5.    4.24]\n",
      " [ 8.6   7.21  7.62  6.08  7.    7.62  8.6   5.1   5.39  5.83  3.16  3.61\n",
      "   4.24  7.28  3.61  2.    1.    8.54  0.    2.24  1.41  2.24  7.62  8.54\n",
      "   7.28  4.    5.  ]\n",
      " [ 7.81  6.4   6.4   5.83  5.1   5.39  6.4   6.71  7.21  7.81  5.    5.66\n",
      "   6.4   7.21  5.83  1.    1.41  8.6   2.24  0.    1.    1.41  6.08  7.07\n",
      "   6.    3.61  4.47]\n",
      " [ 8.49  7.07  7.21  5.39  6.08  6.32  7.21  6.32  6.71  7.21  4.47  5.\n",
      "   5.66  6.71  5.    1.41  1.    8.06  1.41  1.    0.    1.    6.32  7.28\n",
      "   6.08  3.16  4.12]\n",
      " [ 9.22  7.81  7.81  4.47  6.32  6.08  6.71  7.28  7.62  8.06  5.39  5.83\n",
      "   6.4   5.83  5.66  2.24  2.    7.21  2.24  1.41  1.    0.    5.39  6.32\n",
      "   5.1   2.24  3.16]\n",
      " [12.65 11.4  10.77  4.    8.06  5.66  4.47 12.65 13.   13.42 10.77 11.18\n",
      "  11.66  5.   10.82  7.07  7.28  6.08  7.62  6.08  6.32  5.39  0.    1.\n",
      "   1.    4.24  3.61]\n",
      " [13.6  12.37 11.7   4.12  8.94  6.4   5.   13.6  13.93 14.32 11.7  12.08\n",
      "  12.53  5.1  11.66  8.06  8.25  6.    8.54  7.07  7.28  6.32  1.    0.\n",
      "   1.41  5.    4.24]\n",
      " [13.   11.7  11.18  3.    8.6   6.4   5.39 12.37 12.65 13.   10.44 10.77\n",
      "  11.18  4.   10.3   7.    7.07  5.1   7.28  6.    6.08  5.1   1.    1.41\n",
      "   0.    3.61  2.83]\n",
      " [11.4  10.    9.9   2.24  8.06  7.07  7.07  9.06  9.22  9.49  7.07  7.28\n",
      "   7.62  3.61  6.71  4.47  4.12  5.    4.    3.61  3.16  2.24  4.24  5.\n",
      "   3.61  0.    1.  ]\n",
      " [12.21 10.82 10.63  1.41  8.6   7.28  7.   10.05 10.2  10.44  8.06  8.25\n",
      "   8.54  2.83  7.62  5.39  5.1   4.24  5.    4.47  4.12  3.16  3.61  4.24\n",
      "   2.83  1.    0.  ]]\n",
      "Iteration 4 - Distance Matrix (single linkage):\n",
      "[[ 0.    1.41  2.   13.6   5.    8.   10.    8.    9.   10.    8.25  9.22\n",
      "  10.2  10.44  7.07  7.81 16.4   8.6   7.81  8.49  9.22 12.65 13.6  13.\n",
      "  11.4  12.21]\n",
      " [ 1.41  0.    1.41 12.21  4.12  7.07  9.06  7.07  8.06  9.06  7.07  8.06\n",
      "   9.06  9.22  5.66  6.4  15.    7.21  6.4   7.07  7.81 11.4  12.37 11.7\n",
      "  10.   10.82]\n",
      " [ 2.    1.41  0.   12.04  3.    6.    8.    8.25  9.22 10.2   8.    9.\n",
      "  10.   10.05  5.83  6.71 14.87  7.62  6.4   7.21  7.81 10.77 11.7  11.18\n",
      "   9.9  10.63]\n",
      " [13.6  12.21 12.04  0.   10.    8.54  8.06 11.   11.   11.05  9.    9.\n",
      "   9.06  8.06  6.71  6.32  1.41  6.08  5.83  5.39  4.47  4.    4.12  3.\n",
      "   2.24  1.41]\n",
      " [ 5.    4.12  3.   10.    0.    3.    5.    9.43 10.3  11.18  8.54  9.49\n",
      "  10.44 10.2   5.    6.   12.81  7.    5.1   6.08  6.32  8.06  8.94  8.6\n",
      "   8.06  8.6 ]\n",
      " [ 8.    7.07  6.    8.54  3.    0.    2.   11.31 12.04 12.81 10.   10.82\n",
      "  11.66 11.18  5.83  6.71 11.18  7.62  5.39  6.32  6.08  5.66  6.4   6.4\n",
      "   7.07  7.28]\n",
      " [10.    9.06  8.    8.06  5.    2.    0.   12.81 13.45 14.14 11.31 12.04\n",
      "  12.81 12.21  7.07  7.81 10.44  8.6   6.4   7.21  6.71  4.47  5.    5.39\n",
      "   7.07  7.  ]\n",
      " [ 8.    7.07  8.25 11.    9.43 11.31 12.81  0.    1.    2.    2.    2.24\n",
      "   2.83  3.61  5.83  5.39 13.15  5.1   6.71  6.32  7.28 12.65 13.6  12.37\n",
      "   9.06 10.05]\n",
      " [ 9.    8.06  9.22 11.   10.3  12.04 13.45  1.    0.    1.    2.24  2.\n",
      "   2.24  3.16  6.4   5.83 13.04  5.39  7.21  6.71  7.62 13.   13.93 12.65\n",
      "   9.22 10.2 ]\n",
      " [10.    9.06 10.2  11.05 11.18 12.81 14.14  2.    1.    0.    2.83  2.24\n",
      "   2.    3.    7.07  6.4  13.    5.83  7.81  7.21  8.06 13.42 14.32 13.\n",
      "   9.49 10.44]\n",
      " [ 8.25  7.07  8.    9.    8.54 10.   11.31  2.    2.24  2.83  0.    1.\n",
      "   2.    2.24  4.24  3.61 11.18  3.16  5.    4.47  5.39 10.77 11.7  10.44\n",
      "   7.07  8.06]\n",
      " [ 9.22  8.06  9.    9.    9.49 10.82 12.04  2.24  2.    2.24  1.    0.\n",
      "   1.    1.41  5.    4.24 11.05  3.61  5.66  5.    5.83 11.18 12.08 10.77\n",
      "   7.28  8.25]\n",
      " [10.2   9.06 10.    9.06 10.44 11.66 12.81  2.83  2.24  2.    2.    1.\n",
      "   0.    1.    5.83  5.   11.    4.24  6.4   5.66  6.4  11.66 12.53 11.18\n",
      "   7.62  8.54]\n",
      " [10.44  9.22 10.05  8.06 10.2  11.18 12.21  3.61  3.16  3.    2.24  1.41\n",
      "   1.    0.    5.39  4.47 10.    3.61  5.83  5.    5.66 10.82 11.66 10.3\n",
      "   6.71  7.62]\n",
      " [ 7.07  5.66  5.83  6.71  5.    5.83  7.07  5.83  6.4   7.07  4.24  5.\n",
      "   5.83  5.39  0.    1.    9.43  2.    1.    1.41  2.24  7.07  8.06  7.\n",
      "   4.47  5.39]\n",
      " [ 7.81  6.4   6.71  6.32  6.    6.71  7.81  5.39  5.83  6.4   3.61  4.24\n",
      "   5.    4.47  1.    0.    8.94  1.    1.41  1.    2.    7.28  8.25  7.07\n",
      "   4.12  5.1 ]\n",
      " [16.4  15.   14.87  1.41 12.81 11.18 10.44 13.15 13.04 13.   11.18 11.05\n",
      "  11.   10.    9.43  8.94  0.    8.54  8.6   8.06  7.21  6.08  6.    5.1\n",
      "   5.    4.24]\n",
      " [ 8.6   7.21  7.62  6.08  7.    7.62  8.6   5.1   5.39  5.83  3.16  3.61\n",
      "   4.24  3.61  2.    1.    8.54  0.    2.24  1.41  2.24  7.62  8.54  7.28\n",
      "   4.    5.  ]\n",
      " [ 7.81  6.4   6.4   5.83  5.1   5.39  6.4   6.71  7.21  7.81  5.    5.66\n",
      "   6.4   5.83  1.    1.41  8.6   2.24  0.    1.    1.41  6.08  7.07  6.\n",
      "   3.61  4.47]\n",
      " [ 8.49  7.07  7.21  5.39  6.08  6.32  7.21  6.32  6.71  7.21  4.47  5.\n",
      "   5.66  5.    1.41  1.    8.06  1.41  1.    0.    1.    6.32  7.28  6.08\n",
      "   3.16  4.12]\n",
      " [ 9.22  7.81  7.81  4.47  6.32  6.08  6.71  7.28  7.62  8.06  5.39  5.83\n",
      "   6.4   5.66  2.24  2.    7.21  2.24  1.41  1.    0.    5.39  6.32  5.1\n",
      "   2.24  3.16]\n",
      " [12.65 11.4  10.77  4.    8.06  5.66  4.47 12.65 13.   13.42 10.77 11.18\n",
      "  11.66 10.82  7.07  7.28  6.08  7.62  6.08  6.32  5.39  0.    1.    1.\n",
      "   4.24  3.61]\n",
      " [13.6  12.37 11.7   4.12  8.94  6.4   5.   13.6  13.93 14.32 11.7  12.08\n",
      "  12.53 11.66  8.06  8.25  6.    8.54  7.07  7.28  6.32  1.    0.    1.41\n",
      "   5.    4.24]\n",
      " [13.   11.7  11.18  3.    8.6   6.4   5.39 12.37 12.65 13.   10.44 10.77\n",
      "  11.18 10.3   7.    7.07  5.1   7.28  6.    6.08  5.1   1.    1.41  0.\n",
      "   3.61  2.83]\n",
      " [11.4  10.    9.9   2.24  8.06  7.07  7.07  9.06  9.22  9.49  7.07  7.28\n",
      "   7.62  6.71  4.47  4.12  5.    4.    3.61  3.16  2.24  4.24  5.    3.61\n",
      "   0.    1.  ]\n",
      " [12.21 10.82 10.63  1.41  8.6   7.28  7.   10.05 10.2  10.44  8.06  8.25\n",
      "   8.54  7.62  5.39  5.1   4.24  5.    4.47  4.12  3.16  3.61  4.24  2.83\n",
      "   1.    0.  ]]\n",
      "Iteration 5 - Distance Matrix (single linkage):\n",
      "[[ 0.    1.41  2.   13.6   5.    8.   10.    8.   10.    8.25  9.22 10.2\n",
      "  10.44  7.07  7.81 16.4   8.6   7.81  8.49  9.22 12.65 13.6  13.   11.4\n",
      "  12.21]\n",
      " [ 1.41  0.    1.41 12.21  4.12  7.07  9.06  7.07  9.06  7.07  8.06  9.06\n",
      "   9.22  5.66  6.4  15.    7.21  6.4   7.07  7.81 11.4  12.37 11.7  10.\n",
      "  10.82]\n",
      " [ 2.    1.41  0.   12.04  3.    6.    8.    8.25 10.2   8.    9.   10.\n",
      "  10.05  5.83  6.71 14.87  7.62  6.4   7.21  7.81 10.77 11.7  11.18  9.9\n",
      "  10.63]\n",
      " [13.6  12.21 12.04  0.   10.    8.54  8.06 11.   11.05  9.    9.    9.06\n",
      "   8.06  6.71  6.32  1.41  6.08  5.83  5.39  4.47  4.    4.12  3.    2.24\n",
      "   1.41]\n",
      " [ 5.    4.12  3.   10.    0.    3.    5.    9.43 11.18  8.54  9.49 10.44\n",
      "  10.2   5.    6.   12.81  7.    5.1   6.08  6.32  8.06  8.94  8.6   8.06\n",
      "   8.6 ]\n",
      " [ 8.    7.07  6.    8.54  3.    0.    2.   11.31 12.81 10.   10.82 11.66\n",
      "  11.18  5.83  6.71 11.18  7.62  5.39  6.32  6.08  5.66  6.4   6.4   7.07\n",
      "   7.28]\n",
      " [10.    9.06  8.    8.06  5.    2.    0.   12.81 14.14 11.31 12.04 12.81\n",
      "  12.21  7.07  7.81 10.44  8.6   6.4   7.21  6.71  4.47  5.    5.39  7.07\n",
      "   7.  ]\n",
      " [ 8.    7.07  8.25 11.    9.43 11.31 12.81  0.    1.    2.    2.    2.24\n",
      "   3.16  5.83  5.39 13.04  5.1   6.71  6.32  7.28 12.65 13.6  12.37  9.06\n",
      "  10.05]\n",
      " [10.    9.06 10.2  11.05 11.18 12.81 14.14  1.    0.    2.83  2.24  2.\n",
      "   3.    7.07  6.4  13.    5.83  7.81  7.21  8.06 13.42 14.32 13.    9.49\n",
      "  10.44]\n",
      " [ 8.25  7.07  8.    9.    8.54 10.   11.31  2.    2.83  0.    1.    2.\n",
      "   2.24  4.24  3.61 11.18  3.16  5.    4.47  5.39 10.77 11.7  10.44  7.07\n",
      "   8.06]\n",
      " [ 9.22  8.06  9.    9.    9.49 10.82 12.04  2.    2.24  1.    0.    1.\n",
      "   1.41  5.    4.24 11.05  3.61  5.66  5.    5.83 11.18 12.08 10.77  7.28\n",
      "   8.25]\n",
      " [10.2   9.06 10.    9.06 10.44 11.66 12.81  2.24  2.    2.    1.    0.\n",
      "   1.    5.83  5.   11.    4.24  6.4   5.66  6.4  11.66 12.53 11.18  7.62\n",
      "   8.54]\n",
      " [10.44  9.22 10.05  8.06 10.2  11.18 12.21  3.16  3.    2.24  1.41  1.\n",
      "   0.    5.39  4.47 10.    3.61  5.83  5.    5.66 10.82 11.66 10.3   6.71\n",
      "   7.62]\n",
      " [ 7.07  5.66  5.83  6.71  5.    5.83  7.07  5.83  7.07  4.24  5.    5.83\n",
      "   5.39  0.    1.    9.43  2.    1.    1.41  2.24  7.07  8.06  7.    4.47\n",
      "   5.39]\n",
      " [ 7.81  6.4   6.71  6.32  6.    6.71  7.81  5.39  6.4   3.61  4.24  5.\n",
      "   4.47  1.    0.    8.94  1.    1.41  1.    2.    7.28  8.25  7.07  4.12\n",
      "   5.1 ]\n",
      " [16.4  15.   14.87  1.41 12.81 11.18 10.44 13.04 13.   11.18 11.05 11.\n",
      "  10.    9.43  8.94  0.    8.54  8.6   8.06  7.21  6.08  6.    5.1   5.\n",
      "   4.24]\n",
      " [ 8.6   7.21  7.62  6.08  7.    7.62  8.6   5.1   5.83  3.16  3.61  4.24\n",
      "   3.61  2.    1.    8.54  0.    2.24  1.41  2.24  7.62  8.54  7.28  4.\n",
      "   5.  ]\n",
      " [ 7.81  6.4   6.4   5.83  5.1   5.39  6.4   6.71  7.81  5.    5.66  6.4\n",
      "   5.83  1.    1.41  8.6   2.24  0.    1.    1.41  6.08  7.07  6.    3.61\n",
      "   4.47]\n",
      " [ 8.49  7.07  7.21  5.39  6.08  6.32  7.21  6.32  7.21  4.47  5.    5.66\n",
      "   5.    1.41  1.    8.06  1.41  1.    0.    1.    6.32  7.28  6.08  3.16\n",
      "   4.12]\n",
      " [ 9.22  7.81  7.81  4.47  6.32  6.08  6.71  7.28  8.06  5.39  5.83  6.4\n",
      "   5.66  2.24  2.    7.21  2.24  1.41  1.    0.    5.39  6.32  5.1   2.24\n",
      "   3.16]\n",
      " [12.65 11.4  10.77  4.    8.06  5.66  4.47 12.65 13.42 10.77 11.18 11.66\n",
      "  10.82  7.07  7.28  6.08  7.62  6.08  6.32  5.39  0.    1.    1.    4.24\n",
      "   3.61]\n",
      " [13.6  12.37 11.7   4.12  8.94  6.4   5.   13.6  14.32 11.7  12.08 12.53\n",
      "  11.66  8.06  8.25  6.    8.54  7.07  7.28  6.32  1.    0.    1.41  5.\n",
      "   4.24]\n",
      " [13.   11.7  11.18  3.    8.6   6.4   5.39 12.37 13.   10.44 10.77 11.18\n",
      "  10.3   7.    7.07  5.1   7.28  6.    6.08  5.1   1.    1.41  0.    3.61\n",
      "   2.83]\n",
      " [11.4  10.    9.9   2.24  8.06  7.07  7.07  9.06  9.49  7.07  7.28  7.62\n",
      "   6.71  4.47  4.12  5.    4.    3.61  3.16  2.24  4.24  5.    3.61  0.\n",
      "   1.  ]\n",
      " [12.21 10.82 10.63  1.41  8.6   7.28  7.   10.05 10.44  8.06  8.25  8.54\n",
      "   7.62  5.39  5.1   4.24  5.    4.47  4.12  3.16  3.61  4.24  2.83  1.\n",
      "   0.  ]]\n",
      "Iteration 6 - Distance Matrix (single linkage):\n",
      "[[ 0.    1.41  2.   13.6   5.    8.   10.    8.    8.25  9.22 10.2  10.44\n",
      "   7.07  7.81 16.4   8.6   7.81  8.49  9.22 12.65 13.6  13.   11.4  12.21]\n",
      " [ 1.41  0.    1.41 12.21  4.12  7.07  9.06  7.07  7.07  8.06  9.06  9.22\n",
      "   5.66  6.4  15.    7.21  6.4   7.07  7.81 11.4  12.37 11.7  10.   10.82]\n",
      " [ 2.    1.41  0.   12.04  3.    6.    8.    8.25  8.    9.   10.   10.05\n",
      "   5.83  6.71 14.87  7.62  6.4   7.21  7.81 10.77 11.7  11.18  9.9  10.63]\n",
      " [13.6  12.21 12.04  0.   10.    8.54  8.06 11.    9.    9.    9.06  8.06\n",
      "   6.71  6.32  1.41  6.08  5.83  5.39  4.47  4.    4.12  3.    2.24  1.41]\n",
      " [ 5.    4.12  3.   10.    0.    3.    5.    9.43  8.54  9.49 10.44 10.2\n",
      "   5.    6.   12.81  7.    5.1   6.08  6.32  8.06  8.94  8.6   8.06  8.6 ]\n",
      " [ 8.    7.07  6.    8.54  3.    0.    2.   11.31 10.   10.82 11.66 11.18\n",
      "   5.83  6.71 11.18  7.62  5.39  6.32  6.08  5.66  6.4   6.4   7.07  7.28]\n",
      " [10.    9.06  8.    8.06  5.    2.    0.   12.81 11.31 12.04 12.81 12.21\n",
      "   7.07  7.81 10.44  8.6   6.4   7.21  6.71  4.47  5.    5.39  7.07  7.  ]\n",
      " [ 8.    7.07  8.25 11.    9.43 11.31 12.81  0.    2.    2.    2.    3.\n",
      "   5.83  5.39 13.    5.1   6.71  6.32  7.28 12.65 13.6  12.37  9.06 10.05]\n",
      " [ 8.25  7.07  8.    9.    8.54 10.   11.31  2.    0.    1.    2.    2.24\n",
      "   4.24  3.61 11.18  3.16  5.    4.47  5.39 10.77 11.7  10.44  7.07  8.06]\n",
      " [ 9.22  8.06  9.    9.    9.49 10.82 12.04  2.    1.    0.    1.    1.41\n",
      "   5.    4.24 11.05  3.61  5.66  5.    5.83 11.18 12.08 10.77  7.28  8.25]\n",
      " [10.2   9.06 10.    9.06 10.44 11.66 12.81  2.    2.    1.    0.    1.\n",
      "   5.83  5.   11.    4.24  6.4   5.66  6.4  11.66 12.53 11.18  7.62  8.54]\n",
      " [10.44  9.22 10.05  8.06 10.2  11.18 12.21  3.    2.24  1.41  1.    0.\n",
      "   5.39  4.47 10.    3.61  5.83  5.    5.66 10.82 11.66 10.3   6.71  7.62]\n",
      " [ 7.07  5.66  5.83  6.71  5.    5.83  7.07  5.83  4.24  5.    5.83  5.39\n",
      "   0.    1.    9.43  2.    1.    1.41  2.24  7.07  8.06  7.    4.47  5.39]\n",
      " [ 7.81  6.4   6.71  6.32  6.    6.71  7.81  5.39  3.61  4.24  5.    4.47\n",
      "   1.    0.    8.94  1.    1.41  1.    2.    7.28  8.25  7.07  4.12  5.1 ]\n",
      " [16.4  15.   14.87  1.41 12.81 11.18 10.44 13.   11.18 11.05 11.   10.\n",
      "   9.43  8.94  0.    8.54  8.6   8.06  7.21  6.08  6.    5.1   5.    4.24]\n",
      " [ 8.6   7.21  7.62  6.08  7.    7.62  8.6   5.1   3.16  3.61  4.24  3.61\n",
      "   2.    1.    8.54  0.    2.24  1.41  2.24  7.62  8.54  7.28  4.    5.  ]\n",
      " [ 7.81  6.4   6.4   5.83  5.1   5.39  6.4   6.71  5.    5.66  6.4   5.83\n",
      "   1.    1.41  8.6   2.24  0.    1.    1.41  6.08  7.07  6.    3.61  4.47]\n",
      " [ 8.49  7.07  7.21  5.39  6.08  6.32  7.21  6.32  4.47  5.    5.66  5.\n",
      "   1.41  1.    8.06  1.41  1.    0.    1.    6.32  7.28  6.08  3.16  4.12]\n",
      " [ 9.22  7.81  7.81  4.47  6.32  6.08  6.71  7.28  5.39  5.83  6.4   5.66\n",
      "   2.24  2.    7.21  2.24  1.41  1.    0.    5.39  6.32  5.1   2.24  3.16]\n",
      " [12.65 11.4  10.77  4.    8.06  5.66  4.47 12.65 10.77 11.18 11.66 10.82\n",
      "   7.07  7.28  6.08  7.62  6.08  6.32  5.39  0.    1.    1.    4.24  3.61]\n",
      " [13.6  12.37 11.7   4.12  8.94  6.4   5.   13.6  11.7  12.08 12.53 11.66\n",
      "   8.06  8.25  6.    8.54  7.07  7.28  6.32  1.    0.    1.41  5.    4.24]\n",
      " [13.   11.7  11.18  3.    8.6   6.4   5.39 12.37 10.44 10.77 11.18 10.3\n",
      "   7.    7.07  5.1   7.28  6.    6.08  5.1   1.    1.41  0.    3.61  2.83]\n",
      " [11.4  10.    9.9   2.24  8.06  7.07  7.07  9.06  7.07  7.28  7.62  6.71\n",
      "   4.47  4.12  5.    4.    3.61  3.16  2.24  4.24  5.    3.61  0.    1.  ]\n",
      " [12.21 10.82 10.63  1.41  8.6   7.28  7.   10.05  8.06  8.25  8.54  7.62\n",
      "   5.39  5.1   4.24  5.    4.47  4.12  3.16  3.61  4.24  2.83  1.    0.  ]]\n",
      "Iteration 7 - Distance Matrix (single linkage):\n",
      "[[ 0.    1.41  2.   13.6   5.    8.   10.    8.    8.25 10.2  10.44  7.07\n",
      "   7.81 16.4   8.6   7.81  8.49  9.22 12.65 13.6  13.   11.4  12.21]\n",
      " [ 1.41  0.    1.41 12.21  4.12  7.07  9.06  7.07  7.07  9.06  9.22  5.66\n",
      "   6.4  15.    7.21  6.4   7.07  7.81 11.4  12.37 11.7  10.   10.82]\n",
      " [ 2.    1.41  0.   12.04  3.    6.    8.    8.25  8.   10.   10.05  5.83\n",
      "   6.71 14.87  7.62  6.4   7.21  7.81 10.77 11.7  11.18  9.9  10.63]\n",
      " [13.6  12.21 12.04  0.   10.    8.54  8.06 11.    9.    9.06  8.06  6.71\n",
      "   6.32  1.41  6.08  5.83  5.39  4.47  4.    4.12  3.    2.24  1.41]\n",
      " [ 5.    4.12  3.   10.    0.    3.    5.    9.43  8.54 10.44 10.2   5.\n",
      "   6.   12.81  7.    5.1   6.08  6.32  8.06  8.94  8.6   8.06  8.6 ]\n",
      " [ 8.    7.07  6.    8.54  3.    0.    2.   11.31 10.   11.66 11.18  5.83\n",
      "   6.71 11.18  7.62  5.39  6.32  6.08  5.66  6.4   6.4   7.07  7.28]\n",
      " [10.    9.06  8.    8.06  5.    2.    0.   12.81 11.31 12.81 12.21  7.07\n",
      "   7.81 10.44  8.6   6.4   7.21  6.71  4.47  5.    5.39  7.07  7.  ]\n",
      " [ 8.    7.07  8.25 11.    9.43 11.31 12.81  0.    2.    2.    3.    5.83\n",
      "   5.39 13.    5.1   6.71  6.32  7.28 12.65 13.6  12.37  9.06 10.05]\n",
      " [ 8.25  7.07  8.    9.    8.54 10.   11.31  2.    0.    1.    1.41  4.24\n",
      "   3.61 11.05  3.16  5.    4.47  5.39 10.77 11.7  10.44  7.07  8.06]\n",
      " [10.2   9.06 10.    9.06 10.44 11.66 12.81  2.    1.    0.    1.    5.83\n",
      "   5.   11.    4.24  6.4   5.66  6.4  11.66 12.53 11.18  7.62  8.54]\n",
      " [10.44  9.22 10.05  8.06 10.2  11.18 12.21  3.    1.41  1.    0.    5.39\n",
      "   4.47 10.    3.61  5.83  5.    5.66 10.82 11.66 10.3   6.71  7.62]\n",
      " [ 7.07  5.66  5.83  6.71  5.    5.83  7.07  5.83  4.24  5.83  5.39  0.\n",
      "   1.    9.43  2.    1.    1.41  2.24  7.07  8.06  7.    4.47  5.39]\n",
      " [ 7.81  6.4   6.71  6.32  6.    6.71  7.81  5.39  3.61  5.    4.47  1.\n",
      "   0.    8.94  1.    1.41  1.    2.    7.28  8.25  7.07  4.12  5.1 ]\n",
      " [16.4  15.   14.87  1.41 12.81 11.18 10.44 13.   11.05 11.   10.    9.43\n",
      "   8.94  0.    8.54  8.6   8.06  7.21  6.08  6.    5.1   5.    4.24]\n",
      " [ 8.6   7.21  7.62  6.08  7.    7.62  8.6   5.1   3.16  4.24  3.61  2.\n",
      "   1.    8.54  0.    2.24  1.41  2.24  7.62  8.54  7.28  4.    5.  ]\n",
      " [ 7.81  6.4   6.4   5.83  5.1   5.39  6.4   6.71  5.    6.4   5.83  1.\n",
      "   1.41  8.6   2.24  0.    1.    1.41  6.08  7.07  6.    3.61  4.47]\n",
      " [ 8.49  7.07  7.21  5.39  6.08  6.32  7.21  6.32  4.47  5.66  5.    1.41\n",
      "   1.    8.06  1.41  1.    0.    1.    6.32  7.28  6.08  3.16  4.12]\n",
      " [ 9.22  7.81  7.81  4.47  6.32  6.08  6.71  7.28  5.39  6.4   5.66  2.24\n",
      "   2.    7.21  2.24  1.41  1.    0.    5.39  6.32  5.1   2.24  3.16]\n",
      " [12.65 11.4  10.77  4.    8.06  5.66  4.47 12.65 10.77 11.66 10.82  7.07\n",
      "   7.28  6.08  7.62  6.08  6.32  5.39  0.    1.    1.    4.24  3.61]\n",
      " [13.6  12.37 11.7   4.12  8.94  6.4   5.   13.6  11.7  12.53 11.66  8.06\n",
      "   8.25  6.    8.54  7.07  7.28  6.32  1.    0.    1.41  5.    4.24]\n",
      " [13.   11.7  11.18  3.    8.6   6.4   5.39 12.37 10.44 11.18 10.3   7.\n",
      "   7.07  5.1   7.28  6.    6.08  5.1   1.    1.41  0.    3.61  2.83]\n",
      " [11.4  10.    9.9   2.24  8.06  7.07  7.07  9.06  7.07  7.62  6.71  4.47\n",
      "   4.12  5.    4.    3.61  3.16  2.24  4.24  5.    3.61  0.    1.  ]\n",
      " [12.21 10.82 10.63  1.41  8.6   7.28  7.   10.05  8.06  8.54  7.62  5.39\n",
      "   5.1   4.24  5.    4.47  4.12  3.16  3.61  4.24  2.83  1.    0.  ]]\n",
      "Iteration 8 - Distance Matrix (single linkage):\n",
      "[[ 0.    1.41  2.   13.6   5.    8.   10.    8.    8.25 10.44  7.07  7.81\n",
      "  16.4   8.6   7.81  8.49  9.22 12.65 13.6  13.   11.4  12.21]\n",
      " [ 1.41  0.    1.41 12.21  4.12  7.07  9.06  7.07  7.07  9.22  5.66  6.4\n",
      "  15.    7.21  6.4   7.07  7.81 11.4  12.37 11.7  10.   10.82]\n",
      " [ 2.    1.41  0.   12.04  3.    6.    8.    8.25  8.   10.05  5.83  6.71\n",
      "  14.87  7.62  6.4   7.21  7.81 10.77 11.7  11.18  9.9  10.63]\n",
      " [13.6  12.21 12.04  0.   10.    8.54  8.06 11.    9.    8.06  6.71  6.32\n",
      "   1.41  6.08  5.83  5.39  4.47  4.    4.12  3.    2.24  1.41]\n",
      " [ 5.    4.12  3.   10.    0.    3.    5.    9.43  8.54 10.2   5.    6.\n",
      "  12.81  7.    5.1   6.08  6.32  8.06  8.94  8.6   8.06  8.6 ]\n",
      " [ 8.    7.07  6.    8.54  3.    0.    2.   11.31 10.   11.18  5.83  6.71\n",
      "  11.18  7.62  5.39  6.32  6.08  5.66  6.4   6.4   7.07  7.28]\n",
      " [10.    9.06  8.    8.06  5.    2.    0.   12.81 11.31 12.21  7.07  7.81\n",
      "  10.44  8.6   6.4   7.21  6.71  4.47  5.    5.39  7.07  7.  ]\n",
      " [ 8.    7.07  8.25 11.    9.43 11.31 12.81  0.    2.    3.    5.83  5.39\n",
      "  13.    5.1   6.71  6.32  7.28 12.65 13.6  12.37  9.06 10.05]\n",
      " [ 8.25  7.07  8.    9.    8.54 10.   11.31  2.    0.    1.    4.24  3.61\n",
      "  11.    3.16  5.    4.47  5.39 10.77 11.7  10.44  7.07  8.06]\n",
      " [10.44  9.22 10.05  8.06 10.2  11.18 12.21  3.    1.    0.    5.39  4.47\n",
      "  10.    3.61  5.83  5.    5.66 10.82 11.66 10.3   6.71  7.62]\n",
      " [ 7.07  5.66  5.83  6.71  5.    5.83  7.07  5.83  4.24  5.39  0.    1.\n",
      "   9.43  2.    1.    1.41  2.24  7.07  8.06  7.    4.47  5.39]\n",
      " [ 7.81  6.4   6.71  6.32  6.    6.71  7.81  5.39  3.61  4.47  1.    0.\n",
      "   8.94  1.    1.41  1.    2.    7.28  8.25  7.07  4.12  5.1 ]\n",
      " [16.4  15.   14.87  1.41 12.81 11.18 10.44 13.   11.   10.    9.43  8.94\n",
      "   0.    8.54  8.6   8.06  7.21  6.08  6.    5.1   5.    4.24]\n",
      " [ 8.6   7.21  7.62  6.08  7.    7.62  8.6   5.1   3.16  3.61  2.    1.\n",
      "   8.54  0.    2.24  1.41  2.24  7.62  8.54  7.28  4.    5.  ]\n",
      " [ 7.81  6.4   6.4   5.83  5.1   5.39  6.4   6.71  5.    5.83  1.    1.41\n",
      "   8.6   2.24  0.    1.    1.41  6.08  7.07  6.    3.61  4.47]\n",
      " [ 8.49  7.07  7.21  5.39  6.08  6.32  7.21  6.32  4.47  5.    1.41  1.\n",
      "   8.06  1.41  1.    0.    1.    6.32  7.28  6.08  3.16  4.12]\n",
      " [ 9.22  7.81  7.81  4.47  6.32  6.08  6.71  7.28  5.39  5.66  2.24  2.\n",
      "   7.21  2.24  1.41  1.    0.    5.39  6.32  5.1   2.24  3.16]\n",
      " [12.65 11.4  10.77  4.    8.06  5.66  4.47 12.65 10.77 10.82  7.07  7.28\n",
      "   6.08  7.62  6.08  6.32  5.39  0.    1.    1.    4.24  3.61]\n",
      " [13.6  12.37 11.7   4.12  8.94  6.4   5.   13.6  11.7  11.66  8.06  8.25\n",
      "   6.    8.54  7.07  7.28  6.32  1.    0.    1.41  5.    4.24]\n",
      " [13.   11.7  11.18  3.    8.6   6.4   5.39 12.37 10.44 10.3   7.    7.07\n",
      "   5.1   7.28  6.    6.08  5.1   1.    1.41  0.    3.61  2.83]\n",
      " [11.4  10.    9.9   2.24  8.06  7.07  7.07  9.06  7.07  6.71  4.47  4.12\n",
      "   5.    4.    3.61  3.16  2.24  4.24  5.    3.61  0.    1.  ]\n",
      " [12.21 10.82 10.63  1.41  8.6   7.28  7.   10.05  8.06  7.62  5.39  5.1\n",
      "   4.24  5.    4.47  4.12  3.16  3.61  4.24  2.83  1.    0.  ]]\n",
      "Iteration 9 - Distance Matrix (single linkage):\n",
      "[[ 0.    1.41  2.   13.6   5.    8.   10.    8.    8.25  7.07  7.81 16.4\n",
      "   8.6   7.81  8.49  9.22 12.65 13.6  13.   11.4  12.21]\n",
      " [ 1.41  0.    1.41 12.21  4.12  7.07  9.06  7.07  7.07  5.66  6.4  15.\n",
      "   7.21  6.4   7.07  7.81 11.4  12.37 11.7  10.   10.82]\n",
      " [ 2.    1.41  0.   12.04  3.    6.    8.    8.25  8.    5.83  6.71 14.87\n",
      "   7.62  6.4   7.21  7.81 10.77 11.7  11.18  9.9  10.63]\n",
      " [13.6  12.21 12.04  0.   10.    8.54  8.06 11.    8.06  6.71  6.32  1.41\n",
      "   6.08  5.83  5.39  4.47  4.    4.12  3.    2.24  1.41]\n",
